code/ascifiles/dem_hack.txt
ncols         830
nrows         530
xllcorner     0.0
yllcorner     0.0
cellsize      1
NODATA_value  -9999
[rows 336 to 377 of 530, columns 376 to 469 of 830]
286 286 281 272 259 259 240 234 234 234 240 245 250 250 267 270 274 274 267 253 239 239 206 190 174 174 172 182 192 192 213 224 223 223 220 218 214 214 207 211 219 219 250 261 272 272 295 309 323 347 347 360 383 387 387 380 368 346 346 337 334 329 329 328 329 323 323 320 317 315 315 315 314 314 314 311 307 288 288 280 273 260 260 255 249 237 237 231 226 213 213 218 223 247
286 286 281 272 259 259 240 234 234 234 240 245 250 250 267 270 274 274 267 253 239 239 206 190 174 174 172 182 192 192 213 224 223 223 220 218 214 214 207 211 219 219 250 261 272 272 295 309 323 347 347 360 383 387 387 380 368 346 346 337 334 329 329 328 329 323 323 320 317 315 315 315 314 314 314 311 307 288 288 280 273 260 260 255 249 237 237 231 226 213 213 218 223 247
259 259 252 243 231 231 210 202 202 202 203 206 211 211 233 239 246 246 244 240 235 235 217 206 195 195 164 156 164 164 185 199 201 201 203 203 202 202 201 210 221 221 249 259 270 270 300 315 330 357 357 368 384 382 382 375 366 352 352 347 346 345 345 346 344 335 335 332 328 326 326 326 327 323 323 317 311 283 283 274 268 257 257 251 246 236 236 230 223 211 211 219 227 250
232 232 222 213 202 202 185 178 174 174 169 168 170 170 188 193 199 199 201 202 204 204 201 200 198 198 175 165 161 161 166 176 180 180 186 188 189 189 193 207 218 218 245 256 268 268 301 317 333 356 356 361 372 376 376 373 370 364 364 362 362 364 364 367 365 354 354 350 345 336 336 334 332 322 322 313 303 276 276 269 265 255 255 249 245 234 234 227 221 210 210 218 227 242
232 232 222 213 202 202 185 178 174 174 169 168 170 170 188 193 199 199 201 202 204 204 201 200 198 198 175 165 161 161 166 176 180 180 186 188 189 189 193 207 218 218 245 256 268 268 301 317 333 356 356 361 372 376 376 373 370 364 364 362 362 364 364 367 365 354 354 350 345 336 336 334 332 322 322 313 303 276 276 269 265 255 255 249 245 234 234 227 221 210 210 218 227 242
205 205 191 182 174 174 161 155 150 150 143 140 140 140 145 148 151 151 155 158 161 161 166 168 170 170 163 159 158 158 160 164 167 167 173 176 178 178 185 199 208 208 234 248 263 263 296 308 320 330 330 334 346 362 362 372 375 377 377 376 376 377 377 379 377 371 371 365 359 339 339 333 327 312 312 303 293 274 274 269 264 254 254 249 243 231 231 226 222 210 210 214 218 228
205 205 191 182 174 174 161 155 150 150 143 140 140 140 145 148 151 151 155 158 161 161 166 168 170 170 163 159 158 158 160 164 167 167 173 176 178 178 185 199 208 208 234 248 263 263 296 308 320 330 330 334 346 362 362 372 375 377 377 376 376 377 377 379 377 371 371 365 359 339 339 333 327 312 312 303 293 274 274 269 264 254 254 249 243 231 231 226 222 210 210 214 218 228
176 176 163 156 151 151 140 135 133 133 130 129 130 130 129 130 131 131 131 131 132 132 138 142 147 147 152 151 150 150 154 161 162 162 165 168 171 171 178 189 197 197 219 233 247 247 273 281 289 296 296 302 323 353 353 368 373 380 380 382 382 383 383 384 383 375 375 367 359 341 341 334 327 310 310 302 293 282 282 277 272 258 258 250 243 232 232 228 226 214 214 212 209 214
176 176 163 156 151 151 140 135 133 133 130 129 130 130 129 130 131 131 131 131 132 132 138 142 147 147 152 151 150 150 154 161 162 162 165 168 171 171 178 189 197 197 219 233 247 247 273 281 289 296 296 302 323 353 353 368 373 380 380 382 382 383 383 384 383 375 375 367 359 341 341 334 327 310 310 302 293 282 282 277 272 258 258 250 243 232 232 228 226 214 214 212 209 214
152 152 141 136 134 134 130 129 129 129 129 128 128 128 128 128 128 128 128 128 128 128 130 132 135 135 143 144 143 143 145 149 150 150 152 154 158 158 167 179 186 186 200 210 220 220 242 248 254 265 265 279 310 339 339 352 358 370 370 375 375 374 374 373 371 367 367 363 358 345 345 339 333 315 315 311 306 295 295 289 282 266 266 258 249 236 236 232 229 220 220 215 209 204
137 137 131 129 129 129 129 128 128 128 129 128 129 129 129 129 128 128 128 128 127 127 131 131 131 131 131 132 132 132 133 134 134 134 136 138 142 142 150 161 168 168 177 185 193 193 209 217 226 254 254 271 301 325 325 336 344 354 354 357 357 357 357 355 348 352 352 352 353 349 349 345 340 327 327 325 322 309 309 303 297 280 280 270 258 242 242 237 233 222 222 218 214 208
137 137 131 129 129 129 129 128 128 128 129 128 129 129 129 129 128 128 128 128 127 127 131 131 131 131 131 132 132 132 133 134 134 134 136 138 142 142 150 161 168 168 177 185 193 193 209 217 226 254 254 271 301 325 325 336 344 354 354 357 357 357 357 355 348 352 352 352 353 349 349 345 340 327 327 325 322 309 309 303 297 280 280 270 258 242 242 237 233 222 222 218 214 208
137 137 131 129 129 129 129 128 128 128 129 128 129 129 129 129 128 128 128 128 127 127 131 131 131 131 131 132 132 132 133 134 134 134 136 138 142 142 150 161 168 168 177 185 193 193 209 217 226 254 254 271 301 325 325 336 344 354 354 357 357 357 357 355 348 352 352 352 353 349 349 345 340 327 327 325 322 309 309 303 297 280 280 270 258 242 242 237 233 222 222 218 214 208
129 129 128 127 129 129 131 130 131 131 135 137 136 136 136 135 134 134 131 131 131 131 136 138 140 140 151 152 148 148 141 137 135 135 131 130 130 130 132 139 144 144 154 160 166 166 183 197 211 248 248 265 296 319 319 329 333 337 337 337 337 335 335 332 326 331 331 333 336 341 341 340 339 334 334 333 331 327 327 324 315 293 293 279 266 247 247 241 236 226 226 223 219 214
130 130 131 132 137 137 144 147 147 147 148 148 146 146 145 146 148 148 147 149 151 151 158 168 178 178 183 181 177 177 171 168 162 162 150 144 140 140 132 128 127 127 135 139 143 143 168 185 203 243 243 262 296 315 315 320 320 319 319 317 316 312 312 309 306 307 307 309 311 320 320 322 325 329 329 334 340 342 342 338 326 300 300 285 274 255 255 247 242 231 231 230 228 221
132 132 136 140 142 142 148 152 153 153 155 156 157 157 163 165 167 167 173 175 178 178 180 189 198 198 206 207 205 205 197 192 185 185 172 167 163 163 152 140 135 135 131 131 131 131 148 166 184 229 229 250 288 308 308 312 312 307 307 303 299 292 292 288 287 283 283 284 285 296 296 300 304 321 321 331 341 345 345 338 324 296 296 282 275 260 260 252 249 239 239 238 236 231
132 132 136 140 142 142 148 152 153 153 155 156 157 157 163 165 167 167 173 175 178 178 180 189 198 198 206 207 205 205 197 192 185 185 172 167 163 163 152 140 135 135 131 131 131 131 148 166 184 229 229 250 288 308 308 312 312 307 307 303 299 292 292 288 287 283 283 284 285 296 296 300 304 321 321 331 341 345 345 338 324 296 296 282 275 260 260 252 249 239 239 238 236 231
132 132 136 140 142 142 148 152 153 153 155 156 157 157 163 165 167 167 173 175 178 178 180 189 198 198 206 207 205 205 197 192 185 185 172 167 163 163 152 140 135 135 131 131 131 131 148 166 184 229 229 250 288 308 308 312 312 307 307 303 299 292 292 288 287 283 283 284 285 296 296 300 304 321 321 331 341 345 345 338 324 296 296 282 275 260 260 252 249 239 239 238 236 231
132 132 148 162 175 175 195 201 196 196 192 193 195 195 201 207 213 213 218 215 212 212 200 207 215 215 245 249 249 249 244 237 233 233 222 215 200 200 181 169 162 162 150 146 141 141 129 135 141 185 185 208 251 280 280 291 290 285 285 281 276 263 263 256 248 242 242 242 241 250 250 260 271 297 297 302 308 295 295 287 281 272 272 268 263 256 256 254 250 252 252 256 261 259
142 142 173 195 207 207 220 221 215 215 208 207 209 209 221 226 232 232 234 233 231 231 220 220 221 221 253 263 268 268 270 266 260 260 247 241 226 226 201 182 173 173 157 153 149 149 139 135 131 165 165 189 229 253 253 261 265 270 270 271 267 255 255 247 237 229 229 227 225 235 235 245 255 277 277 277 277 268 268 265 263 256 256 251 248 244 244 242 242 254 254 255 257 265
167 167 202 220 232 232 247 249 242 242 227 220 222 222 240 244 248 248 249 247 245 245 233 230 227 227 253 266 276 276 287 289 282 282 266 258 249 249 225 200 190 190 168 163 157 157 152 143 133 146 146 168 203 223 223 230 234 240 240 243 242 237 237 233 226 216 216 214 211 220 220 230 240 249 249 248 246 250 250 255 252 245 245 241 236 228 228 225 227 240 240 244 249 255
167 167 202 220 232 232 247 249 242 242 227 220 222 222 240 244 248 248 249 247 245 245 233 230 227 227 253 266 276 276 287 289 282 282 266 258 249 249 225 200 190 190 168 163 157 157 152 143 133 146 146 168 203 223 223 230 234 240 240 243 242 237 237 233 226 216 216 214 211 220 220 230 240 249 249 248 246 250 250 255 252 245 245 241 236 228 228 225 227 240 240 244 249 255
167 167 202 220 232 232 247 249 242 242 227 220 222 222 240 244 248 248 249 247 245 245 233 230 227 227 253 266 276 276 287 289 282 282 266 258 249 249 225 200 190 190 168 163 157 157 152 143 133 146 146 168 203 223 223 230 234 240 240 243 242 237 237 233 226 216 216 214 211 220 220 230 240 249 249 248 246 250 250 255 252 245 245 241 236 228 228 225 227 240 240 244 249 255
192 192 230 250 262 262 276 277 269 269 251 240 238 238 249 250 252 252 259 257 255 255 246 244 241 241 254 268 279 279 293 296 292 292 280 271 260 260 233 209 200 200 180 171 161 161 156 151 145 134 134 151 181 199 199 204 206 210 210 212 213 214 214 213 218 204 204 202 199 207 207 212 218 224 224 223 221 226 226 230 231 228 228 223 220 216 216 216 216 223 223 225 228 235
219 219 258 276 286 286 294 291 281 281 267 262 258 258 259 263 267 267 270 269 268 268 254 252 250 250 260 272 283 283 299 305 302 302 290 281 268 268 242 220 211 211 200 186 172 172 155 152 148 133 133 140 157 173 173 180 182 189 189 193 195 197 197 197 200 192 192 190 188 195 195 196 198 201 201 201 201 204 204 206 205 203 203 202 203 205 205 205 208 213 213 214 216 222
219 219 258 276 286 286 294 291 281 281 267 262 258 258 259 263 267 267 270 269 268 268 254 252 250 250 260 272 283 283 299 305 302 302 290 281 268 268 242 220 211 211 200 186 172 172 155 152 148 133 133 140 157 173 173 180 182 189 189 193 195 197 197 197 200 192 192 190 188 195 195 196 198 201 201 201 201 204 204 206 205 203 203 202 203 205 205 205 208 213 213 214 216 222
243 243 273 287 294 294 294 286 283 283 280 281 281 281 282 282 282 282 282 280 277 277 264 263 261 261 268 278 288 288 302 307 306 306 297 289 278 278 255 234 225 225 213 204 195 195 167 163 158 145 145 138 136 147 147 153 158 169 169 174 176 177 177 175 177 178 178 178 178 179 179 180 181 183 183 183 183 183 183 182 182 183 183 185 185 190 190 194 198 201 201 202 204 211
243 243 273 287 294 294 294 286 283 283 280 281 281 281 282 282 282 282 282 280 277 277 264 263 261 261 268 278 288 288 302 307 306 306 297 289 278 278 255 234 225 225 213 204 195 195 167 163 158 145 145 138 136 147 147 153 158 169 169 174 176 177 177 175 177 178 178 178 178 179 179 180 181 183 183 183 183 183 183 182 182 183 183 185 185 190 190 194 198 201 201 202 204 211
228 228 258 269 277 277 289 293 301 301 308 307 304 304 304 304 304 304 299 292 284 284 271 268 265 265 276 288 296 296 307 311 311 311 306 299 289 289 266 246 238 238 225 220 215 215 192 182 171 150 150 145 134 131 131 135 140 148 148 152 153 155 155 157 160 165 165 166 167 162 162 163 164 165 165 164 162 157 157 156 156 156 156 157 160 172 172 181 186 187 187 188 190 205
228 228 258 269 277 277 289 293 301 301 308 307 304 304 304 304 304 304 299 292 284 284 271 268 265 265 276 288 296 296 307 311 311 311 306 299 289 289 266 246 238 238 225 220 215 215 192 182 171 150 150 145 134 131 131 135 140 148 148 152 153 155 155 157 160 165 165 166 167 162 162 163 164 165 165 164 162 157 157 156 156 156 156 157 160 172 172 181 186 187 187 188 190 205
200 200 228 238 250 250 278 294 308 308 320 317 317 317 320 318 316 316 308 299 289 289 279 275 270 270 284 295 302 302 315 320 321 321 313 303 292 292 269 253 248 248 240 235 229 229 211 203 195 174 174 167 152 137 137 129 129 132 132 135 137 141 141 144 150 154 154 154 155 149 149 148 147 146 146 145 144 136 136 134 133 132 132 132 134 144 144 152 161 173 173 175 178 206
189 189 217 228 238 238 266 283 298 298 324 334 341 341 345 339 332 332 321 313 305 305 288 283 277 277 293 303 312 312 327 333 330 330 314 301 289 289 270 258 253 253 248 245 241 241 228 217 206 186 186 179 167 154 154 145 138 128 128 125 126 130 130 133 143 145 145 145 144 142 142 142 141 137 137 135 132 126 126 124 124 123 123 124 124 126 126 129 136 152 152 159 167 194
199 199 238 254 263 263 283 293 308 308 339 355 361 361 362 359 355 355 339 330 321 321 297 292 286 286 302 314 324 324 340 347 345 345 327 312 299 299 280 273 271 271 265 261 257 257 241 225 209 189 189 183 174 170 170 169 162 146 146 136 132 125 125 123 128 132 132 133 134 135 135 134 133 128 128 126 124 124 124 126 126 127 127 126 126 128 128 130 128 129 129 135 142 166
199 199 238 254 263 263 283 293 308 308 339 355 361 361 362 359 355 355 339 330 321 321 297 292 286 286 302 314 324 324 340 347 345 345 327 312 299 299 280 273 271 271 265 261 257 257 241 225 209 189 189 183 174 170 170 169 162 146 146 136 132 125 125 123 128 132 132 133 134 135 135 134 133 128 128 126 124 124 124 126 126 127 127 126 126 128 128 130 128 129 129 135 142 166
199 199 238 254 263 263 283 293 308 308 339 355 361 361 362 359 355 355 339 330 321 321 297 292 286 286 302 314 324 324 340 347 345 345 327 312 299 299 280 273 271 271 265 261 257 257 241 225 209 189 189 183 174 170 170 169 162 146 146 136 132 125 125 123 128 132 132 133 134 135 135 134 133 128 128 126 124 124 124 126 126 127 127 126 126 128 128 130 128 129 129 135 142 166
207 207 255 277 291 291 314 323 332 332 352 364 370 370 376 373 369 369 353 341 329 329 306 301 295 295 313 325 335 335 352 358 357 357 344 332 316 316 293 285 283 283 283 280 276 276 253 238 222 195 195 192 195 201 201 201 196 181 181 171 161 143 143 135 131 125 125 125 125 125 125 125 124 125 125 125 125 131 131 132 133 137 137 140 141 141 141 140 137 122 122 122 123 134
213 213 264 289 307 307 335 346 352 352 365 371 377 377 389 384 379 379 362 349 335 335 310 307 304 304 322 332 344 344 361 366 362 362 348 338 323 323 298 286 283 283 282 279 275 275 257 247 237 208 208 206 214 229 229 233 231 222 222 215 208 189 189 178 162 155 155 153 150 151 151 148 144 147 147 148 150 150 150 149 153 162 162 166 166 161 161 157 150 136 136 131 126 121
213 213 264 289 307 307 335 346 352 352 365 371 377 377 389 384 379 379 362 349 335 335 310 307 304 304 322 332 344 344 361 366 362 362 348 338 323 323 298 286 283 283 282 279 275 275 257 247 237 208 208 206 214 229 229 233 231 222 222 215 208 189 189 178 162 155 155 153 150 151 151 148 144 147 147 148 150 150 150 149 153 162 162 166 166 161 161 157 150 136 136 131 126 121
215 215 265 291 309 309 340 352 357 357 371 379 386 386 400 394 387 387 367 356 344 344 321 320 318 318 334 341 351 351 364 367 360 360 347 341 327 327 304 292 288 288 278 272 266 266 253 245 236 215 215 215 230 256 256 267 270 266 266 257 245 225 225 218 206 203 203 200 196 188 188 185 182 178 178 177 176 176 176 178 179 183 183 185 183 178 178 174 167 144 144 141 137 133
215 215 265 291 309 309 340 352 357 357 371 379 386 386 400 394 387 387 367 356 344 344 321 320 318 318 334 341 351 351 364 367 360 360 347 341 327 327 304 292 288 288 278 272 266 266 253 245 236 215 215 215 230 256 256 267 270 266 266 257 245 225 225 218 206 203 203 200 196 188 188 185 182 178 178 177 176 176 176 178 179 183 183 185 183 178 178 174 167 144 144 141 137 133
205 205 242 269 287 287 319 333 345 345 367 378 387 387 400 394 388 388 382 381 380 380 375 375 376 376 382 385 384 384 380 377 372 372 357 347 340 340 332 333 333 333 322 308 294 294 261 256 250 235 235 235 249 276 276 289 293 294 294 290 288 277 277 269 238 225 225 217 209 198 198 193 188 182 182 183 185 209 209 219 221 224 224 226 219 200 200 188 180 162 162 159 155 151
205 205 242 269 287 287 319 333 345 345 367 378 387 387 400 394 388 388 382 381 380 380 375 375 376 376 382 385 384 384 380 377 372 372 357 347 340 340 332 333 333 333 322 308 294 294 261 256 250 235 235 235 249 276 276 289 293 294 294 290 288 277 277 269 238 225 225 217 209 198 198 193 188 182 182 183 185 209 209 219 221 224 224 226 219 200 200 188 180 162 162 159 155 151
