code/ascifiles/dem_hack.txt
ncols         830
nrows         530
xllcorner     0.0
yllcorner     0.0
cellsize      1
NODATA_value  -9999
[rows 210 to 251 of 530, columns 94 to 187 of 830]
319 319 314 308 298 298 294 289 284 284 285 286 284 284 283 282 281 281 279 278 277 277 269 269 269 269 275 274 271 271 266 264 263 263 257 252 247 247 234 224 222 222 198 194 190 190 188 198 209 209 249 267 271 271 277 279 282 282 290 295 302 302 315 321 338 338 352 356 361 361 361 359 357 357 357 362 368 368 391 402 410 418 418 418 420 425 425 428 426 409 409 416 424 450
319 319 314 308 298 298 294 289 284 284 285 286 284 284 283 282 281 281 279 278 277 277 269 269 269 269 275 274 271 271 266 264 263 263 257 252 247 247 234 224 222 222 198 194 190 190 188 198 209 209 249 267 271 271 277 279 282 282 290 295 302 302 315 321 338 338 352 356 361 361 361 359 357 357 357 362 368 368 391 402 410 418 418 418 420 425 425 428 426 409 409 416 424 450
320 320 314 308 297 297 292 286 284 284 284 284 283 283 283 283 283 283 281 280 279 279 270 267 264 264 266 266 265 265 261 259 257 257 252 248 244 244 236 227 221 221 199 195 190 190 189 201 214 214 258 280 282 282 285 287 290 290 299 305 311 311 324 330 342 342 359 362 366 366 367 363 358 358 352 354 356 356 376 386 394 409 409 415 422 435 435 442 443 445 445 450 455 471
325 325 317 308 294 294 289 284 281 281 282 283 281 281 279 279 279 279 277 277 276 276 268 266 263 263 260 258 257 257 255 254 253 253 248 243 239 239 234 226 219 219 198 192 186 186 187 201 215 215 258 277 283 283 292 296 299 299 307 313 320 320 332 338 348 348 359 359 360 360 355 350 345 345 338 338 339 339 357 367 375 392 392 400 409 430 430 441 450 470 470 472 474 479
325 325 317 308 294 294 289 284 281 281 282 283 281 281 279 279 279 279 277 277 276 276 268 266 263 263 260 258 257 257 255 254 253 253 248 243 239 239 234 226 219 219 198 192 186 186 187 201 215 215 258 277 283 283 292 296 299 299 307 313 320 320 332 338 348 348 359 359 360 360 355 350 345 345 338 338 339 339 357 367 375 392 392 400 409 430 430 441 450 470 470 472 474 479
325 325 317 308 294 294 289 284 281 281 282 283 281 281 279 279 279 279 277 277 276 276 268 266 263 263 260 258 257 257 255 254 253 253 248 243 239 239 234 226 219 219 198 192 186 186 187 201 215 215 258 277 283 283 292 296 299 299 307 313 320 320 332 338 348 348 359 359 360 360 355 350 345 345 338 338 339 339 357 367 375 392 392 400 409 430 430 441 450 470 470 472 474 479
322 322 316 309 293 293 288 283 278 278 277 275 274 274 273 273 273 273 271 272 274 274 268 265 262 262 257 255 255 255 255 256 256 256 253 250 247 247 240 231 224 224 194 190 185 185 187 200 213 213 255 274 283 283 296 300 304 304 313 318 323 323 332 336 341 341 343 342 340 340 332 328 324 324 319 320 322 322 340 349 356 370 370 377 388 415 415 432 446 477 477 477 476 474
312 312 307 302 292 292 290 288 281 281 279 276 273 273 272 274 277 277 283 281 278 278 268 266 263 263 258 257 257 257 260 264 264 264 263 261 257 257 247 231 221 221 202 194 186 186 186 195 205 205 240 257 265 265 279 286 294 294 306 310 307 307 299 295 292 292 290 291 292 292 299 301 303 303 305 306 308 308 318 323 329 347 347 359 374 409 409 428 446 475 475 459 443 420
308 308 304 299 293 293 291 289 282 282 280 278 273 273 272 275 279 279 287 284 281 281 269 268 266 266 262 259 261 261 267 272 271 271 269 268 264 264 252 234 223 223 201 194 187 187 187 196 205 205 236 254 262 262 276 283 289 289 297 298 293 293 282 276 270 270 275 281 287 287 299 302 306 306 312 315 318 318 326 329 333 349 349 362 377 412 412 431 446 466 466 447 428 392
308 308 304 299 293 293 291 289 282 282 280 278 273 273 272 275 279 279 287 284 281 281 269 268 266 266 262 259 261 261 267 272 271 271 269 268 264 264 252 234 223 223 201 194 187 187 187 196 205 205 236 254 262 262 276 283 289 289 297 298 293 293 282 276 270 270 275 281 287 287 299 302 306 306 312 315 318 318 326 329 333 349 349 362 377 412 412 431 446 466 466 447 428 392
308 308 304 299 293 293 291 289 282 282 280 278 273 273 272 275 279 279 287 284 281 281 269 268 266 266 262 259 261 261 267 272 271 271 269 268 264 264 252 234 223 223 201 194 187 187 187 196 205 205 236 254 262 262 276 283 289 289 297 298 293 293 282 276 270 270 275 281 287 287 299 302 306 306 312 315 318 318 326 329 333 349 349 362 377 412 412 431 446 466 466 447 428 392
304 304 300 296 295 295 293 291 283 283 280 277 273 273 274 279 285 285 292 289 286 286 275 273 270 270 265 264 268 268 275 279 278 278 276 275 270 270 253 232 222 222 202 194 186 186 186 193 201 201 233 254 262 262 278 286 287 287 286 283 276 276 264 259 263 263 274 278 283 283 294 299 304 304 314 318 323 323 334 337 341 356 356 367 382 413 413 429 442 456 456 439 421 379
303 303 299 294 296 296 294 292 283 283 278 273 272 272 275 282 289 289 296 293 289 289 278 276 274 274 268 269 273 273 281 285 283 283 277 273 267 267 248 229 222 222 202 194 185 185 186 193 200 200 228 254 261 261 274 280 278 278 271 265 259 259 253 254 262 262 273 279 286 286 292 297 302 302 315 322 330 330 348 353 358 370 370 376 385 407 407 420 430 448 448 440 432 388
303 303 299 294 296 296 294 292 283 283 278 273 272 272 275 282 289 289 296 293 289 289 278 276 274 274 268 269 273 273 281 285 283 283 277 273 267 267 248 229 222 222 202 194 185 185 186 193 200 200 228 254 261 261 274 280 278 278 271 265 259 259 253 254 262 262 273 279 286 286 292 297 302 302 315 322 330 330 348 353 358 370 370 376 385 407 407 420 430 448 448 440 432 388
299 299 297 294 299 299 296 293 282 282 277 272 272 272 277 282 288 288 294 292 290 290 280 280 281 281 275 276 280 280 286 288 281 281 267 260 252 252 236 225 222 222 208 198 187 187 185 191 197 197 226 253 259 259 269 273 268 268 256 249 248 248 249 253 260 260 270 278 286 286 295 300 305 305 320 328 337 337 358 364 370 382 382 388 393 406 406 413 424 452 452 449 446 409
299 299 297 294 299 299 296 293 282 282 277 272 272 272 277 282 288 288 294 292 290 290 280 280 281 281 275 276 280 280 286 288 281 281 267 260 252 252 236 225 222 222 208 198 187 187 185 191 197 197 226 253 259 259 269 273 268 268 256 249 248 248 249 253 260 260 270 278 286 286 295 300 305 305 320 328 337 337 358 364 370 382 382 388 393 406 406 413 424 452 452 449 446 409
296 296 296 295 297 297 294 291 281 281 277 273 270 270 273 278 283 283 290 287 284 284 283 286 290 290 282 283 287 287 290 288 278 278 262 255 245 245 231 224 221 221 213 204 194 194 186 190 195 195 225 250 256 256 262 262 256 256 245 240 242 242 249 254 269 269 273 277 282 282 291 297 304 304 322 332 343 343 370 377 382 393 393 399 402 411 411 417 426 447 447 445 442 420
296 296 296 295 297 297 294 291 281 281 277 273 270 270 273 278 283 283 290 287 284 284 283 286 290 290 282 283 287 287 290 288 278 278 262 255 245 245 231 224 221 221 213 204 194 194 186 190 195 195 225 250 256 256 262 262 256 256 245 240 242 242 249 254 269 269 273 277 282 282 291 297 304 304 322 332 343 343 370 377 382 393 393 399 402 411 411 417 426 447 447 445 442 420
294 294 295 296 296 296 293 289 280 280 277 273 267 267 269 271 274 274 279 279 279 279 290 294 299 299 286 286 290 290 292 289 281 281 264 255 247 247 235 227 223 223 215 204 193 193 185 189 193 193 221 248 253 253 256 254 246 246 238 239 243 243 251 255 267 267 276 279 283 283 289 295 302 302 322 332 343 343 375 385 392 403 403 407 408 411 411 414 417 429 429 427 425 408
293 293 294 296 293 293 289 285 278 278 275 271 268 268 270 271 273 273 277 279 282 282 298 302 307 307 287 286 289 289 289 284 278 278 262 253 246 246 239 231 223 223 206 197 187 187 182 185 189 189 216 241 245 245 244 238 236 236 238 243 247 247 254 258 268 268 280 284 288 288 294 298 303 303 319 329 340 340 374 386 395 409 409 414 413 405 405 399 399 405 405 403 401 388
293 293 294 296 293 293 289 285 278 278 275 271 268 268 270 271 273 273 277 279 282 282 298 302 307 307 287 286 289 289 289 284 278 278 262 253 246 246 239 231 223 223 206 197 187 187 182 185 189 189 216 241 245 245 244 238 236 236 238 243 247 247 254 258 268 268 280 284 288 288 294 298 303 303 319 329 340 340 374 386 395 409 409 414 413 405 405 399 399 405 405 403 401 388
291 291 293 296 290 290 286 281 275 275 271 266 270 270 274 275 277 277 281 285 290 290 303 304 305 305 283 279 280 280 280 278 271 271 255 246 244 244 240 232 225 225 203 196 188 188 182 184 186 186 209 232 234 234 231 225 231 231 242 247 250 250 257 262 274 274 288 292 296 296 303 306 310 310 324 332 340 340 372 385 395 411 411 418 413 399 399 389 383 377 377 376 375 368
291 291 293 296 290 290 286 281 275 275 271 266 270 270 274 275 277 277 281 285 290 290 303 304 305 305 283 279 280 280 280 278 271 271 255 246 244 244 240 232 225 225 203 196 188 188 182 184 186 186 209 232 234 234 231 225 231 231 242 247 250 250 257 262 274 274 288 292 296 296 303 306 310 310 324 332 340 340 372 385 395 411 411 418 413 399 399 389 383 377 377 376 375 368
287 287 291 295 288 288 284 279 271 271 268 265 274 274 278 280 283 283 288 292 296 296 305 304 302 302 278 271 271 271 272 271 266 266 258 254 250 250 242 233 227 227 211 206 201 201 188 186 184 184 203 219 221 221 223 223 231 231 244 249 253 253 262 268 286 286 299 303 307 307 317 319 322 322 333 340 348 348 374 383 390 402 402 406 403 392 392 383 375 358 358 354 350 346
285 285 288 291 283 283 279 275 266 266 266 265 280 280 285 288 291 291 296 298 301 301 306 303 299 299 274 268 269 269 269 268 267 267 263 260 256 256 248 238 231 231 213 206 198 198 187 186 185 185 194 202 206 206 218 226 235 235 250 255 258 258 268 275 296 296 313 317 322 322 331 333 336 336 342 348 355 355 370 372 372 378 378 383 382 372 372 364 363 364 364 357 350 329
285 285 288 291 283 283 279 275 266 266 266 265 280 280 285 288 291 291 296 298 301 301 306 303 299 299 274 268 269 269 269 268 267 267 263 260 256 256 248 238 231 231 213 206 198 198 187 186 185 185 194 202 206 206 218 226 235 235 250 255 258 258 268 275 296 296 313 317 322 322 331 333 336 336 342 348 355 355 370 372 372 378 378 383 382 372 372 364 363 364 364 357 350 329
285 285 288 291 283 283 279 275 266 266 266 265 280 280 285 288 291 291 296 298 301 301 306 303 299 299 274 268 269 269 269 268 267 267 263 260 256 256 248 238 231 231 213 206 198 198 187 186 185 185 194 202 206 206 218 226 235 235 250 255 258 258 268 275 296 296 313 317 322 322 331 333 336 336 342 348 355 355 370 372 372 378 378 383 382 372 372 364 363 364 364 357 350 329
276 276 280 284 277 277 273 268 261 261 264 268 285 285 290 294 298 298 302 304 307 307 309 303 296 296 273 268 268 268 270 271 271 271 268 265 261 261 254 246 242 242 214 204 194 194 185 184 183 183 189 200 207 207 222 230 238 238 253 260 263 263 275 283 303 303 323 329 336 336 342 344 347 347 351 354 357 357 355 351 347 348 348 354 352 347 347 343 349 369 369 367 364 335
277 277 275 272 269 269 266 262 259 259 263 268 288 288 295 299 304 304 305 306 308 308 309 303 296 296 273 268 269 269 273 277 276 276 271 268 266 266 262 256 253 253 223 211 198 198 185 183 181 181 185 194 202 202 222 234 242 242 257 264 268 268 280 288 309 309 329 335 341 341 343 344 345 345 349 348 346 346 334 327 321 317 317 319 320 325 325 330 341 369 369 370 371 349
280 280 274 268 258 258 255 252 260 260 268 276 287 287 291 294 298 298 299 301 304 304 304 298 291 291 271 265 266 266 269 272 272 272 272 272 272 272 270 264 260 260 247 227 206 206 189 187 184 184 182 179 183 183 206 224 241 241 268 279 281 281 286 289 305 305 315 313 310 310 305 304 302 302 306 307 308 308 301 297 295 292 292 293 299 311 311 318 326 350 350 355 360 361
280 280 274 268 258 258 255 252 260 260 268 276 287 287 291 294 298 298 299 301 304 304 304 298 291 291 271 265 266 266 269 272 272 272 272 272 272 272 270 264 260 260 247 227 206 206 189 187 184 184 182 179 183 183 206 224 241 241 268 279 281 281 286 289 305 305 315 313 310 310 305 304 302 302 306 307 308 308 301 297 295 292 292 293 299 311 311 318 326 350 350 355 360 361
280 280 274 268 258 258 255 252 260 260 268 276 287 287 291 294 298 298 299 301 304 304 304 298 291 291 271 265 266 266 269 272 272 272 272 272 272 272 270 264 260 260 247 227 206 206 189 187 184 184 182 179 183 183 206 224 241 241 268 279 281 281 286 289 305 305 315 313 310 310 305 304 302 302 306 307 308 308 301 297 295 292 292 293 299 311 311 318 326 350 350 355 360 361
278 278 273 268 261 261 257 253 265 265 274 283 293 293 294 296 298 298 301 303 306 306 306 298 290 290 270 263 264 264 269 273 272 272 272 273 273 273 269 261 258 258 244 227 210 210 193 190 187 187 184 179 179 179 197 215 234 234 264 275 277 277 282 285 288 288 292 291 289 289 284 282 280 280 284 286 288 288 284 282 281 282 282 285 290 301 301 306 312 336 336 344 352 363
278 278 275 271 264 264 259 254 272 272 283 294 304 304 303 303 304 304 306 307 309 309 311 303 295 295 271 264 264 264 270 275 273 273 269 267 265 265 257 244 238 238 221 213 205 205 198 194 189 189 185 180 179 179 191 204 223 223 252 261 263 263 266 266 267 267 268 268 268 268 262 260 257 257 263 265 267 267 270 270 270 272 272 275 281 293 293 300 307 334 334 344 354 371
278 278 275 271 264 264 259 254 272 272 283 294 304 304 303 303 304 304 306 307 309 309 311 303 295 295 271 264 264 264 270 275 273 273 269 267 265 265 257 244 238 238 221 213 205 205 198 194 189 189 185 180 179 179 191 204 223 223 252 261 263 263 266 266 267 267 268 268 268 268 262 260 257 257 263 265 267 267 270 270 270 272 272 275 281 293 293 300 307 334 334 344 354 371
274 274 271 268 254 254 257 261 286 286 297 309 317 317 316 314 311 311 314 315 317 317 316 308 299 299 272 264 262 262 263 267 264 264 256 251 245 245 233 223 217 217 212 212 213 213 205 199 192 192 185 180 178 178 184 192 209 209 234 242 243 243 244 243 241 241 244 244 243 243 238 237 235 235 241 244 247 247 254 257 260 266 266 269 274 287 287 296 305 336 336 345 354 370
274 274 271 268 254 254 257 261 286 286 297 309 317 317 316 314 311 311 314 315 317 317 316 308 299 299 272 264 262 262 263 267 264 264 256 251 245 245 233 223 217 217 212 212 213 213 205 199 192 192 185 180 178 178 184 192 209 209 234 242 243 243 244 243 241 241 244 244 243 243 238 237 235 235 241 244 247 247 254 257 260 266 266 269 274 287 287 296 305 336 336 345 354 370
273 273 267 260 248 248 259 270 298 298 311 325 330 330 329 325 321 321 321 322 323 323 321 312 303 303 273 264 261 261 256 254 250 250 241 237 233 233 228 227 227 227 226 225 223 223 211 204 196 196 186 180 178 178 179 183 196 196 217 226 226 226 224 220 215 215 219 219 220 220 221 223 225 225 233 237 242 242 253 257 261 267 267 269 272 282 282 290 297 326 326 335 345 353
273 273 267 260 248 248 259 270 298 298 311 325 330 330 329 325 321 321 321 322 323 323 321 312 303 303 273 264 261 261 256 254 250 250 241 237 233 233 228 227 227 227 226 225 223 223 211 204 196 196 186 180 178 178 179 183 196 196 217 226 226 226 224 220 215 215 219 219 220 220 221 223 225 225 233 237 242 242 253 257 261 267 267 269 272 282 282 290 297 326 326 335 345 353
267 267 259 250 250 250 264 278 309 309 324 339 341 341 338 335 332 332 332 332 331 331 324 314 304 304 275 267 263 263 255 252 248 248 243 244 242 242 239 240 239 239 239 236 233 233 216 209 201 201 191 180 178 178 176 177 185 185 200 208 208 208 209 208 215 215 216 216 217 217 223 226 229 229 237 242 248 248 259 261 264 268 268 270 274 283 283 288 292 309 309 316 323 334
261 261 254 246 255 255 268 282 319 319 334 349 353 353 351 349 346 346 346 342 338 338 324 314 304 304 277 269 264 264 256 252 250 250 251 256 256 256 255 253 253 253 252 246 239 239 222 214 206 206 192 181 179 179 176 175 179 179 187 191 193 193 201 207 219 219 224 226 229 229 232 234 237 237 248 254 260 260 275 273 273 275 275 276 278 285 285 289 292 303 303 309 316 337
261 261 254 246 255 255 268 282 319 319 334 349 353 353 351 349 346 346 346 342 338 338 324 314 304 304 277 269 264 264 256 252 250 250 251 256 256 256 255 253 253 253 252 246 239 239 222 214 206 206 192 181 179 179 176 175 179 179 187 191 193 193 201 207 219 219 224 226 229 229 232 234 237 237 248 254 260 260 275 273 273 275 275 276 278 285 285 289 292 303 303 309 316 337
