code/ascifiles/dem_hack.txt
ncols         830
nrows         530
xllcorner     0.0
yllcorner     0.0
cellsize      1
NODATA_value  -9999
[rows 84 to 125 of 530, columns 376 to 469 of 830]
409 409 410 408 403 403 390 382 372 372 353 343 334 334 306 296 285 285 274 271 267 267 260 260 260 260 262 265 267 267 272 274 284 284 308 323 335 335 353 354 349 349 318 301 284 284 272 279 287 301 301 304 309 315 315 318 319 320 320 319 319 318 318 318 316 303 303 296 288 274 274 267 259 250 250 246 242 233 233 230 230 232 232 234 248 275 275 287 292 300 300 298 295 291
409 409 410 408 403 403 390 382 372 372 353 343 334 334 306 296 285 285 274 271 267 267 260 260 260 260 262 265 267 267 272 274 284 284 308 323 335 335 353 354 349 349 318 301 284 284 272 279 287 301 301 304 309 315 315 318 319 320 320 319 319 318 318 318 316 303 303 296 288 274 274 267 259 250 250 246 242 233 233 230 230 232 232 234 248 275 275 287 292 300 300 298 295 291
409 409 410 408 403 403 390 382 372 372 353 343 334 334 306 296 285 285 274 271 267 267 260 260 260 260 262 265 267 267 272 274 284 284 308 323 335 335 353 354 349 349 318 301 284 284 272 279 287 301 301 304 309 315 315 318 319 320 320 319 319 318 318 318 316 303 303 296 288 274 274 267 259 250 250 246 242 233 233 230 230 232 232 234 248 275 275 287 292 300 300 298 295 291
399 399 402 402 397 397 385 377 367 367 345 334 323 323 299 291 283 283 267 264 261 261 262 263 264 264 275 279 287 287 304 313 324 324 344 353 362 362 373 366 357 357 313 297 280 280 282 297 313 326 326 328 332 333 333 333 334 333 333 331 330 327 327 325 317 304 304 295 286 271 271 264 257 248 248 246 244 234 234 232 231 230 230 229 235 253 253 265 269 280 280 281 282 283
381 381 383 382 379 379 369 362 352 352 331 320 308 308 284 278 272 272 262 264 266 266 286 290 295 295 295 292 305 305 333 347 353 353 366 374 381 381 386 371 357 357 309 294 278 278 304 320 336 347 347 348 348 344 344 342 340 335 335 332 329 323 323 319 308 292 292 285 278 265 265 259 253 250 250 248 246 237 237 232 231 229 229 229 231 239 239 245 250 266 266 269 272 275
354 354 355 353 350 350 343 338 331 331 313 302 293 293 270 266 262 262 264 277 290 290 320 321 322 322 308 303 322 322 351 362 367 367 380 389 392 392 391 369 352 352 302 292 281 281 319 335 352 361 361 360 355 346 346 341 337 329 329 325 321 312 312 307 296 281 281 275 268 264 264 264 263 264 264 262 260 249 249 242 235 228 228 228 229 234 234 239 244 258 258 261 265 271
354 354 355 353 350 350 343 338 331 331 313 302 293 293 270 266 262 262 264 277 290 290 320 321 322 322 308 303 322 322 351 362 367 367 380 389 392 392 391 369 352 352 302 292 281 281 319 335 352 361 361 360 355 346 346 341 337 329 329 325 321 312 312 307 296 281 281 275 268 264 264 264 263 264 264 262 260 249 249 242 235 228 228 228 229 234 234 239 244 258 258 261 265 271
354 354 355 353 350 350 343 338 331 331 313 302 293 293 270 266 262 262 264 277 290 290 320 321 322 322 308 303 322 322 351 362 367 367 380 389 392 392 391 369 352 352 302 292 281 281 319 335 352 361 361 360 355 346 346 341 337 329 329 325 321 312 312 307 296 281 281 275 268 264 264 264 263 264 264 262 260 249 249 242 235 228 228 228 229 234 234 239 244 258 258 261 265 271
323 323 324 323 323 323 317 311 305 305 291 283 276 276 263 263 262 262 282 301 320 320 341 339 336 336 319 318 336 336 362 371 377 377 391 399 398 398 387 362 346 346 300 293 285 285 331 344 357 367 367 364 355 342 342 335 330 321 321 317 313 304 304 299 289 276 276 275 274 277 277 279 281 282 282 279 276 264 264 258 249 234 234 228 228 230 230 233 238 248 248 251 255 263
293 293 295 296 294 294 286 280 276 276 269 266 264 264 263 269 276 276 316 332 349 349 357 351 345 345 341 347 358 358 375 381 386 386 393 395 390 390 374 351 337 337 301 295 289 289 330 344 358 365 365 361 350 337 337 330 324 314 314 310 306 298 298 294 285 283 283 284 286 291 291 294 298 300 300 298 295 279 279 270 261 241 241 230 228 226 226 228 233 243 243 246 249 263
293 293 295 296 294 294 286 280 276 276 269 266 264 264 263 269 276 276 316 332 349 349 357 351 345 345 341 347 358 358 375 381 386 386 393 395 390 390 374 351 337 337 301 295 289 289 330 344 358 365 365 361 350 337 337 330 324 314 314 310 306 298 298 294 285 283 283 284 286 291 291 294 298 300 300 298 295 279 279 270 261 241 241 230 228 226 226 228 233 243 243 246 249 263
274 274 272 272 271 271 268 266 266 266 265 264 264 264 274 290 306 306 347 359 372 372 370 366 362 362 367 373 378 378 384 386 386 386 383 380 373 373 357 340 331 331 298 296 294 294 335 346 357 359 359 355 345 334 334 328 323 313 313 308 303 295 295 292 292 294 294 296 298 304 304 308 313 315 315 313 310 287 287 278 271 253 253 243 235 226 226 225 228 239 239 243 248 256
274 274 272 272 271 271 268 266 266 266 265 264 264 264 274 290 306 306 347 359 372 372 370 366 362 362 367 373 378 378 384 386 386 386 383 380 373 373 357 340 331 331 298 296 294 294 335 346 357 359 359 355 345 334 334 328 323 313 313 308 303 295 295 292 292 294 294 296 298 304 304 308 313 315 315 313 310 287 287 278 271 253 253 243 235 226 226 225 228 239 239 243 248 256
270 270 268 267 267 267 268 270 272 272 277 280 283 283 310 325 340 340 373 379 385 385 385 383 380 380 381 383 383 383 381 377 374 374 365 359 351 351 336 322 314 314 296 302 308 308 337 344 352 353 353 351 344 336 336 331 326 315 315 309 304 299 299 299 303 307 307 308 309 316 316 316 315 313 313 311 308 294 294 286 279 265 265 257 247 231 231 224 225 231 231 236 241 249
270 270 268 267 267 267 268 270 272 272 277 280 283 283 310 325 340 340 373 379 385 385 385 383 380 380 381 383 383 383 381 377 374 374 365 359 351 351 336 322 314 314 296 302 308 308 337 344 352 353 353 351 344 336 336 331 326 315 315 309 304 299 299 299 303 307 307 308 309 316 316 316 315 313 313 311 308 294 294 286 279 265 265 257 247 231 231 224 225 231 231 236 241 249
292 292 291 293 293 293 298 303 310 310 320 323 325 325 351 363 376 376 393 395 397 397 395 394 393 393 389 386 382 382 372 365 359 359 345 337 330 330 315 302 295 295 297 308 320 320 342 348 354 353 353 350 344 336 336 330 325 314 314 309 304 301 301 303 311 311 311 310 309 302 302 303 304 304 304 302 299 291 291 286 282 276 276 273 264 241 241 227 225 225 225 227 230 239
343 343 342 338 339 339 343 346 348 348 355 360 366 366 383 390 397 397 405 405 404 404 398 396 394 394 384 379 373 373 360 353 346 346 330 321 313 313 300 296 298 298 312 322 333 333 348 352 356 351 351 347 338 329 329 323 318 309 309 304 299 291 291 289 294 299 299 299 298 289 289 290 291 291 291 288 285 282 282 282 283 284 284 284 276 253 253 239 231 222 222 223 225 233
343 343 342 338 339 339 343 346 348 348 355 360 366 366 383 390 397 397 405 405 404 404 398 396 394 394 384 379 373 373 360 353 346 346 330 321 313 313 300 296 298 298 312 322 333 333 348 352 356 351 351 347 338 329 329 323 318 309 309 304 299 291 291 289 294 299 299 299 298 289 289 290 291 291 291 288 285 282 282 282 283 284 284 284 276 253 253 239 231 222 222 223 225 233
343 343 342 338 339 339 343 346 348 348 355 360 366 366 383 390 397 397 405 405 404 404 398 396 394 394 384 379 373 373 360 353 346 346 330 321 313 313 300 296 298 298 312 322 333 333 348 352 356 351 351 347 338 329 329 323 318 309 309 304 299 291 291 289 294 299 299 299 298 289 289 290 291 291 291 288 285 282 282 282 283 284 284 284 276 253 253 239 231 222 222 223 225 233
380 380 391 390 388 388 385 384 385 385 389 391 394 394 405 405 406 406 408 404 400 400 388 384 379 379 369 365 360 360 347 340 332 332 316 307 302 302 298 305 311 311 325 333 342 342 349 349 350 343 343 339 331 321 321 315 309 298 298 292 288 282 282 281 274 275 275 278 281 275 275 274 273 274 274 271 268 271 271 275 277 280 280 280 277 267 267 260 249 222 222 222 222 227
419 419 445 452 450 450 443 438 434 434 426 422 418 418 405 400 394 394 382 377 371 371 361 356 350 350 334 330 326 326 315 308 307 307 305 306 307 307 315 327 333 333 344 346 349 349 345 341 337 327 327 321 309 300 300 296 298 305 305 309 309 307 307 304 293 282 282 276 270 261 261 257 252 248 248 248 247 245 245 244 254 272 272 280 283 284 284 280 272 248 248 239 229 222
424 424 453 464 464 464 457 451 444 444 428 419 411 411 386 380 373 373 364 361 358 358 353 348 343 343 324 318 313 313 308 308 310 310 315 317 316 316 322 335 341 341 349 349 349 349 339 334 329 317 317 311 303 305 305 309 312 316 316 315 312 304 304 299 288 277 277 272 267 260 260 259 257 258 258 258 257 247 247 241 246 261 261 271 276 281 281 281 275 251 251 241 231 225
424 424 453 464 464 464 457 451 444 444 428 419 411 411 386 380 373 373 364 361 358 358 353 348 343 343 324 318 313 313 308 308 310 310 315 317 316 316 322 335 341 341 349 349 349 349 339 334 329 317 317 311 303 305 305 309 312 316 316 315 312 304 304 299 288 277 277 272 267 260 260 259 257 258 258 258 257 247 247 241 246 261 261 271 276 281 281 281 275 251 251 241 231 225
424 424 453 464 464 464 457 451 444 444 428 419 411 411 386 380 373 373 364 361 358 358 353 348 343 343 324 318 313 313 308 308 310 310 315 317 316 316 322 335 341 341 349 349 349 349 339 334 329 317 317 311 303 305 305 309 312 316 316 315 312 304 304 299 288 277 277 272 267 260 260 259 257 258 258 258 257 247 247 241 246 261 261 271 276 281 281 281 275 251 251 241 231 225
425 425 457 469 469 469 460 452 441 441 417 405 395 395 368 361 353 353 345 344 343 343 340 335 330 330 316 312 312 312 316 319 321 321 323 324 322 322 326 339 346 346 349 346 343 343 331 326 320 310 310 311 315 320 320 323 324 322 322 319 315 304 304 297 284 274 274 270 265 266 266 267 268 267 267 265 262 250 250 245 241 243 243 250 257 267 267 270 266 240 240 233 225 230
429 429 457 468 467 467 456 446 432 432 403 388 378 378 354 350 345 345 341 338 335 335 331 328 325 325 321 318 322 322 330 333 332 332 331 330 328 328 330 340 344 344 343 340 336 336 327 323 318 319 319 323 330 333 333 334 333 326 326 319 313 300 300 293 280 271 271 272 274 279 279 279 278 275 275 273 271 263 263 259 252 239 239 232 237 248 248 253 249 225 225 225 225 252
432 432 456 464 461 461 447 435 421 421 394 380 370 370 349 349 350 350 353 349 345 345 339 337 334 334 327 323 329 329 339 344 342 342 338 336 333 333 336 345 349 349 348 345 341 341 331 326 321 332 332 336 342 342 342 340 336 324 324 316 310 296 296 288 278 278 278 283 288 291 291 291 291 287 287 285 283 275 275 272 268 254 254 244 236 230 230 232 230 222 222 232 243 278
432 432 456 464 461 461 447 435 421 421 394 380 370 370 349 349 350 350 353 349 345 345 339 337 334 334 327 323 329 329 339 344 342 342 338 336 333 333 336 345 349 349 348 345 341 341 331 326 321 332 332 336 342 342 342 340 336 324 324 316 310 296 296 288 278 278 278 283 288 291 291 291 291 287 287 285 283 275 275 272 268 254 254 244 236 230 230 232 230 222 222 232 243 278
432 432 456 464 461 461 447 435 421 421 394 380 370 370 349 349 350 350 353 349 345 345 339 337 334 334 327 323 329 329 339 344 342 342 338 336 333 333 336 345 349 349 348 345 341 341 331 326 321 332 332 336 342 342 342 340 336 324 324 316 310 296 296 288 278 278 278 283 288 291 291 291 291 287 287 285 283 275 275 272 268 254 254 244 236 230 230 232 230 222 222 232 243 278
430 430 448 453 448 448 435 426 414 414 389 376 367 367 355 358 362 362 360 357 353 353 348 345 342 342 334 331 338 338 348 350 350 350 346 342 339 339 342 352 356 356 353 349 345 345 332 333 335 349 349 350 352 348 348 343 337 322 322 313 306 293 293 287 288 297 297 300 303 303 303 302 301 300 300 298 296 286 286 283 278 265 265 258 247 228 228 221 220 227 227 235 243 266
421 421 434 436 432 432 421 414 407 407 388 375 368 368 368 369 371 371 368 364 359 359 354 352 350 350 341 343 349 349 356 357 357 357 353 350 346 346 348 356 358 358 355 351 346 346 336 343 350 362 362 362 359 349 349 343 336 320 320 311 306 301 301 303 305 315 315 316 318 317 317 317 318 317 317 315 313 298 298 294 288 275 275 267 256 234 234 222 220 222 222 226 231 243
421 421 434 436 432 432 421 414 407 407 388 375 368 368 368 369 371 371 368 364 359 359 354 352 350 350 341 343 349 349 356 357 357 357 353 350 346 346 348 356 358 358 355 351 346 346 336 343 350 362 362 362 359 349 349 343 336 320 320 311 306 301 301 303 305 315 315 316 318 317 317 317 318 317 317 315 313 298 298 294 288 275 275 267 256 234 234 222 220 222 222 226 231 243
407 407 418 421 420 420 414 409 401 401 383 374 373 373 382 383 385 385 379 373 366 366 362 358 353 353 346 352 356 356 362 364 362 362 356 352 352 352 356 363 365 365 360 353 346 346 351 358 366 372 372 371 365 352 352 344 337 323 323 317 319 323 323 325 326 328 328 330 332 338 338 338 338 334 334 331 327 308 308 302 296 281 281 272 262 240 240 228 222 217 217 220 223 227
407 407 418 421 420 420 414 409 401 401 383 374 373 373 382 383 385 385 379 373 366 366 362 358 353 353 346 352 356 356 362 364 362 362 356 352 352 352 356 363 365 365 360 353 346 346 351 358 366 372 372 371 365 352 352 344 337 323 323 317 319 323 323 325 326 328 328 330 332 338 338 338 338 334 334 331 327 308 308 302 296 281 281 272 262 240 240 228 222 217 217 220 223 227
394 394 410 417 418 418 416 412 406 406 395 390 387 387 389 390 392 392 385 379 373 373 363 356 349 349 354 364 367 367 370 371 368 368 359 354 358 358 366 370 371 371 367 360 353 353 362 369 376 381 381 378 369 355 355 347 343 339 339 340 340 341 341 342 341 342 342 343 345 349 349 349 349 344 344 339 333 310 310 303 296 280 280 271 260 240 240 230 224 216 216 216 216 219
394 394 410 417 418 418 416 412 406 406 395 390 387 387 389 390 392 392 385 379 373 373 363 356 349 349 354 364 367 367 370 371 368 368 359 354 358 358 366 370 371 371 367 360 353 353 362 369 376 381 381 378 369 355 355 347 343 339 339 340 340 341 341 342 341 342 342 343 345 349 349 349 349 344 344 339 333 310 310 303 296 280 280 271 260 240 240 230 224 216 216 216 216 219
398 398 411 417 419 419 420 419 416 416 407 402 399 399 396 396 396 396 385 377 368 368 352 349 346 346 369 375 378 378 381 379 374 374 367 365 368 368 374 378 378 378 374 369 363 363 367 374 381 387 387 383 373 361 361 355 355 355 355 355 355 353 353 352 351 352 352 351 350 349 349 348 347 340 340 333 326 303 303 296 289 271 271 261 250 234 234 229 224 216 216 216 217 216
406 406 418 424 426 426 429 430 427 427 417 410 406 406 395 394 392 392 380 371 361 361 347 356 366 366 384 388 391 391 393 390 383 383 376 377 378 378 381 382 382 382 378 374 369 369 372 378 385 388 388 385 377 370 370 368 368 367 367 366 364 360 360 358 358 354 354 352 349 343 343 339 335 325 325 318 311 290 290 283 274 253 253 241 236 234 234 238 237 230 230 225 220 215
406 406 418 424 426 426 429 430 427 427 417 410 406 406 395 394 392 392 380 371 361 361 347 356 366 366 384 388 391 391 393 390 383 383 376 377 378 378 381 382 382 382 378 374 369 369 372 378 385 388 388 385 377 370 370 368 368 367 367 366 364 360 360 358 358 354 354 352 349 343 343 339 335 325 325 318 311 290 290 283 274 253 253 241 236 234 234 238 237 230 230 225 220 215
406 406 418 424 426 426 429 430 427 427 417 410 406 406 395 394 392 392 380 371 361 361 347 356 366 366 384 388 391 391 393 390 383 383 376 377 378 378 381 382 382 382 378 374 369 369 372 378 385 388 388 385 377 370 370 368 368 367 367 366 364 360 360 358 358 354 354 352 349 343 343 339 335 325 325 318 311 290 290 283 274 253 253 241 236 234 234 238 237 230 230 225 220 215
413 413 425 431 435 435 439 440 436 436 424 416 409 409 395 392 389 389 379 367 355 355 365 374 383 383 402 405 404 404 398 394 390 390 386 388 388 388 388 386 384 384 379 377 374 374 381 385 390 391 391 387 380 375 375 374 374 372 372 369 366 361 361 359 357 352 352 349 345 338 338 333 327 313 313 305 297 271 271 260 250 238 238 236 244 258 258 263 259 240 240 233 225 217
421 421 432 438 441 441 444 442 437 437 425 417 409 409 391 389 386 386 370 365 360 360 390 397 404 404 411 408 405 405 398 394 395 395 397 399 399 399 397 392 388 388 381 381 381 381 389 391 394 391 391 388 381 376 376 374 373 368 368 365 362 356 356 353 349 344 344 343 342 336 336 331 325 309 309 301 293 261 261 247 245 253 253 264 272 280 280 280 272 246 246 240 233 220
