code/ascifiles/dem_hack.txt
ncols         830
nrows         530
xllcorner     0.0
yllcorner     0.0
cellsize      1
NODATA_value  -9999
[rows 336 to 377 of 530, columns 94 to 187 of 830]
293 293 285 276 257 257 250 242 227 227 219 211 204 204 203 203 203 203 203 206 209 209 207 203 198 198 190 187 184 184 180 179 179 179 181 183 185 185 192 206 214 214 232 242 252 252 279 292 306 306 338 359 363 363 364 359 350 350 328 315 303 303 278 265 242 242 221 213 204 204 192 189 185 185 176 176 175 175 176 178 180 185 185 188 192 197 197 199 204 223 223 231 240 248
293 293 285 276 257 257 250 242 227 227 219 211 204 204 203 203 203 203 203 206 209 209 207 203 198 198 190 187 184 184 180 179 179 179 181 183 185 185 192 206 214 214 232 242 252 252 279 292 306 306 338 359 363 363 364 359 350 350 328 315 303 303 278 265 242 242 221 213 204 204 192 189 185 185 176 176 175 175 176 178 180 185 185 188 192 197 197 199 204 223 223 231 240 248
300 300 291 282 263 263 254 244 227 227 221 215 201 201 199 199 199 199 199 199 200 200 200 196 191 191 185 183 183 183 183 184 185 185 189 191 194 194 203 220 231 231 253 265 278 278 297 308 320 320 349 374 375 375 363 350 335 335 309 297 288 288 269 259 244 244 231 218 204 204 190 187 183 183 176 176 176 176 178 181 188 193 193 191 193 195 195 196 197 208 208 216 224 236
289 289 281 272 258 258 247 236 220 220 215 209 200 200 199 198 197 197 194 194 193 193 191 188 185 185 185 187 188 188 190 191 193 193 198 202 206 206 221 242 253 253 285 292 300 300 314 321 328 328 356 379 374 374 358 348 335 335 307 292 286 286 274 268 256 256 238 222 206 206 189 185 181 181 176 176 177 177 180 182 187 194 194 197 198 199 199 200 200 201 201 205 210 226
289 289 281 272 258 258 247 236 220 220 215 209 200 200 199 198 197 197 194 194 193 193 191 188 185 185 185 187 188 188 190 191 193 193 198 202 206 206 221 242 253 253 285 292 300 300 314 321 328 328 356 379 374 374 358 348 335 335 307 292 286 286 274 268 256 256 238 222 206 206 189 185 181 181 176 176 177 177 180 182 187 194 194 197 198 199 199 200 200 201 201 205 210 226
262 262 256 250 240 240 232 224 213 213 209 204 198 198 196 195 194 194 193 191 188 188 187 186 184 184 191 195 198 198 203 204 206 206 213 217 223 223 239 263 278 278 306 310 315 315 318 322 327 327 354 378 375 375 363 355 346 346 325 313 305 305 289 282 264 264 243 225 207 207 189 185 181 181 177 177 178 178 183 186 187 191 191 195 204 213 213 212 209 207 207 205 202 221
262 262 256 250 240 240 232 224 213 213 209 204 198 198 196 195 194 194 193 191 188 188 187 186 184 184 191 195 198 198 203 204 206 206 213 217 223 223 239 263 278 278 306 310 315 315 318 322 327 327 354 378 375 375 363 355 346 346 325 313 305 305 289 282 264 264 243 225 207 207 189 185 181 181 177 177 178 178 183 186 187 191 191 195 204 213 213 212 209 207 207 205 202 221
237 237 234 231 224 224 219 214 207 207 205 202 196 196 194 193 192 192 190 188 186 186 185 186 188 188 202 208 212 212 218 220 224 224 233 239 247 247 266 288 299 299 315 315 315 315 310 314 319 319 345 380 384 384 383 378 371 371 354 343 333 333 310 297 267 267 239 223 207 207 191 188 184 184 179 179 180 180 185 188 190 195 195 198 206 217 217 219 218 214 214 210 206 225
237 237 234 231 224 224 219 214 207 207 205 202 196 196 194 193 192 192 190 188 186 186 185 186 188 188 202 208 212 212 218 220 224 224 233 239 247 247 266 288 299 299 315 315 315 315 310 314 319 319 345 380 384 384 383 378 371 371 354 343 333 333 310 297 267 267 239 223 207 207 191 188 184 184 179 179 180 180 185 188 190 195 195 198 206 217 217 219 218 214 214 210 206 225
229 229 226 222 214 214 211 207 201 201 199 197 192 192 190 190 189 189 187 187 186 186 189 194 199 199 213 221 228 228 242 248 254 254 265 270 277 277 295 309 313 313 311 305 298 298 294 300 306 306 337 375 386 386 400 403 400 400 385 373 358 358 321 299 256 256 231 218 205 205 191 188 184 184 180 181 182 182 189 193 196 204 204 209 217 226 226 227 228 225 225 222 218 224
235 235 227 218 209 209 207 204 199 199 198 196 192 192 190 189 188 188 188 188 189 189 199 204 210 210 228 239 252 252 275 285 295 295 308 310 315 315 324 323 319 319 299 290 281 281 282 296 310 310 341 380 393 393 413 419 416 416 401 388 368 368 322 295 244 244 218 212 205 205 191 187 183 183 181 182 184 184 191 195 202 215 215 221 227 237 237 240 241 242 242 231 220 218
235 235 227 218 209 209 207 204 199 199 198 196 192 192 190 189 188 188 188 188 189 189 199 204 210 210 228 239 252 252 275 285 295 295 308 310 315 315 324 323 319 319 299 290 281 281 282 296 310 310 341 380 393 393 413 419 416 416 401 388 368 368 322 295 244 244 218 212 205 205 191 187 183 183 181 182 184 184 191 195 202 215 215 221 227 237 237 240 241 242 242 231 220 218
235 235 227 218 209 209 207 204 199 199 198 196 192 192 190 189 188 188 188 188 189 189 199 204 210 210 228 239 252 252 275 285 295 295 308 310 315 315 324 323 319 319 299 290 281 281 282 296 310 310 341 380 393 393 413 419 416 416 401 388 368 368 322 295 244 244 218 212 205 205 191 187 183 183 181 182 184 184 191 195 202 215 215 221 227 237 237 240 241 242 242 231 220 218
240 240 229 218 206 206 204 201 198 198 198 197 192 192 190 190 189 189 189 192 195 195 214 221 229 229 246 260 277 277 309 325 337 337 349 350 349 349 342 324 313 313 284 275 266 266 277 293 310 310 347 382 396 396 414 417 411 411 391 376 357 357 312 287 235 235 210 204 197 197 188 188 188 188 186 186 185 185 195 200 207 223 223 231 238 252 252 258 258 249 249 236 223 215
240 240 228 216 204 204 202 199 198 198 198 197 191 191 190 192 194 194 196 202 209 209 232 240 249 249 262 273 293 293 329 345 356 356 371 375 371 371 354 325 307 307 276 265 254 254 262 276 291 291 321 352 364 364 382 388 382 382 362 347 331 331 291 267 225 225 202 197 191 191 188 189 190 190 192 192 191 191 200 206 213 231 231 242 257 278 278 285 281 253 253 242 230 214
235 235 225 214 201 201 200 199 201 201 199 196 194 194 194 197 201 201 207 215 223 223 250 260 271 271 274 279 297 297 335 354 368 368 386 390 383 383 361 327 307 307 272 262 251 251 249 258 267 267 291 315 326 326 341 346 344 344 330 317 302 302 267 246 213 213 196 193 189 189 190 190 190 190 191 194 198 198 210 216 225 251 251 269 282 302 302 309 306 265 265 251 236 219
235 235 225 214 201 201 200 199 201 201 199 196 194 194 194 197 201 201 207 215 223 223 250 260 271 271 274 279 297 297 335 354 368 368 386 390 383 383 361 327 307 307 272 262 251 251 249 258 267 267 291 315 326 326 341 346 344 344 330 317 302 302 267 246 213 213 196 193 189 189 190 190 190 190 191 194 198 198 210 216 225 251 251 269 282 302 302 309 306 265 265 251 236 219
235 235 225 214 201 201 200 199 201 201 199 196 194 194 194 197 201 201 207 215 223 223 250 260 271 271 274 279 297 297 335 354 368 368 386 390 383 383 361 327 307 307 272 262 251 251 249 258 267 267 291 315 326 326 341 346 344 344 330 317 302 302 267 246 213 213 196 193 189 189 190 190 190 190 191 194 198 198 210 216 225 251 251 269 282 302 302 309 306 265 265 251 236 219
227 227 219 210 199 199 197 195 195 195 196 198 203 203 207 216 225 225 236 241 246 246 277 291 305 305 318 316 326 326 352 367 369 369 359 346 331 331 307 288 279 279 262 256 249 249 235 237 240 240 256 283 297 297 319 326 315 315 286 267 251 251 223 211 197 197 194 194 193 193 195 196 198 198 205 210 215 215 225 232 247 279 279 296 314 342 342 351 338 280 280 266 251 236
223 223 216 209 198 198 197 195 195 195 195 196 209 209 217 229 242 242 254 256 259 259 286 301 317 317 333 335 340 340 347 348 338 338 315 301 289 289 267 250 242 242 232 227 222 222 217 220 224 224 236 266 278 278 294 298 288 288 260 243 229 229 208 202 196 196 197 197 196 196 198 203 208 208 225 232 240 240 236 240 255 290 290 310 328 348 348 350 333 279 279 268 257 238
223 223 215 207 198 198 197 196 196 196 197 199 216 216 230 246 263 263 280 281 282 282 299 313 328 328 342 340 335 335 319 308 295 295 272 262 252 252 234 223 218 218 213 212 211 211 210 211 212 212 219 240 247 247 254 253 246 246 229 219 211 211 200 196 198 198 199 199 200 200 205 213 222 222 251 257 264 264 254 256 270 302 302 320 333 345 345 343 331 285 285 275 264 239
223 223 215 207 198 198 197 196 196 196 197 199 216 216 230 246 263 263 280 281 282 282 299 313 328 328 342 340 335 335 319 308 295 295 272 262 252 252 234 223 218 218 213 212 211 211 210 211 212 212 219 240 247 247 254 253 246 246 229 219 211 211 200 196 198 198 199 199 200 200 205 213 222 222 251 257 264 264 254 256 270 302 302 320 333 345 345 343 331 285 285 275 264 239
223 223 215 207 198 198 197 196 196 196 197 199 216 216 230 246 263 263 280 281 282 282 299 313 328 328 342 340 335 335 319 308 295 295 272 262 252 252 234 223 218 218 213 212 211 211 210 211 212 212 219 240 247 247 254 253 246 246 229 219 211 211 200 196 198 198 199 199 200 200 205 213 222 222 251 257 264 264 254 256 270 302 302 320 333 345 345 343 331 285 285 275 264 239
224 224 215 205 198 198 198 198 198 198 199 200 223 223 240 258 276 276 302 303 304 304 314 325 336 336 321 311 299 299 276 265 255 255 238 231 226 226 218 213 211 211 208 207 206 206 206 206 207 207 207 214 219 219 224 223 218 218 209 204 201 201 198 198 200 200 204 204 204 204 215 231 247 247 282 291 301 301 288 286 293 317 317 333 341 347 347 345 337 310 310 293 276 244
225 225 215 205 199 199 199 198 201 201 201 201 229 229 247 266 285 285 305 305 306 306 302 302 301 301 277 267 258 258 241 233 228 228 219 215 214 214 212 210 209 209 209 208 207 207 206 207 209 209 203 203 203 203 204 205 203 203 199 198 198 198 199 201 204 204 207 208 209 209 230 252 275 275 320 330 340 340 330 326 328 338 338 347 354 361 361 359 352 329 329 309 289 249
225 225 215 205 199 199 199 198 201 201 201 201 229 229 247 266 285 285 305 305 306 306 302 302 301 301 277 267 258 258 241 233 228 228 219 215 214 214 212 210 209 209 209 208 207 207 206 207 209 209 203 203 203 203 204 205 203 203 199 198 198 198 199 201 204 204 207 208 209 209 230 252 275 275 320 330 340 340 330 326 328 338 338 347 354 361 361 359 352 329 329 309 289 249
225 225 215 205 200 200 200 199 199 199 200 201 227 227 242 254 267 267 274 273 271 271 262 259 256 256 239 233 229 229 222 219 218 218 216 214 214 214 212 211 211 211 210 209 208 208 207 208 210 210 203 201 201 201 200 200 199 199 197 197 198 198 202 204 208 208 212 215 218 218 251 274 298 298 346 355 365 365 362 359 361 371 371 378 383 385 385 381 373 350 350 328 306 259
225 225 215 205 200 200 200 199 199 199 200 201 227 227 242 254 267 267 274 273 271 271 262 259 256 256 239 233 229 229 222 219 218 218 216 214 214 214 212 211 211 211 210 209 208 208 207 208 210 210 203 201 201 201 200 200 199 199 197 197 198 198 202 204 208 208 212 215 218 218 251 274 298 298 346 355 365 365 362 359 361 371 371 378 383 385 385 381 373 350 350 328 306 259
224 224 215 206 201 201 201 200 199 199 200 201 219 219 227 231 235 235 239 238 236 236 230 227 224 224 219 218 217 217 215 215 214 214 214 215 214 214 213 213 213 213 211 211 210 210 207 207 208 208 202 201 200 200 198 196 196 196 197 198 200 200 203 205 210 210 217 219 222 222 251 275 299 299 345 356 368 368 372 375 383 397 397 404 409 411 411 407 399 372 372 352 331 275
224 224 215 206 201 201 201 200 199 199 200 201 219 219 227 231 235 235 239 238 236 236 230 227 224 224 219 218 217 217 215 215 214 214 214 215 214 214 213 213 213 213 211 211 210 210 207 207 208 208 202 201 200 200 198 196 196 196 197 198 200 200 203 205 210 210 217 219 222 222 251 275 299 299 345 356 368 368 372 375 383 397 397 404 409 411 411 407 399 372 372 352 331 275
222 222 217 211 203 203 202 201 201 201 201 202 211 211 216 218 220 220 224 221 218 218 215 214 212 212 213 214 214 214 215 216 215 215 215 216 216 216 217 216 215 215 213 212 211 211 210 210 210 210 202 201 200 200 198 198 199 199 200 199 200 200 204 207 214 214 225 227 230 230 243 262 282 282 324 337 351 351 379 392 405 425 425 432 432 429 429 424 419 393 393 372 350 300
226 226 222 218 205 205 204 203 202 202 203 204 209 209 211 211 212 212 213 213 213 213 210 210 209 209 212 213 214 214 216 218 218 218 218 219 219 219 219 219 220 220 216 214 212 212 209 209 210 210 205 203 202 202 201 202 204 204 206 205 206 206 212 217 234 234 254 251 247 247 239 252 266 266 299 314 330 330 387 406 422 446 446 454 454 450 450 445 441 410 410 385 359 316
227 227 225 222 209 209 208 206 203 203 203 204 209 209 211 212 214 214 210 210 209 209 210 210 209 209 212 213 214 214 216 217 218 218 221 222 222 222 222 221 220 220 219 218 217 217 215 216 218 218 214 211 210 210 208 209 211 211 213 212 216 216 231 241 269 269 289 284 278 278 250 254 258 258 288 306 325 325 386 405 419 444 444 456 462 469 469 470 464 424 424 399 374 329
227 227 225 222 209 209 208 206 203 203 203 204 209 209 211 212 214 214 210 210 209 209 210 210 209 209 212 213 214 214 216 217 218 218 221 222 222 222 222 221 220 220 219 218 217 217 215 216 218 218 214 211 210 210 208 209 211 211 213 212 216 216 231 241 269 269 289 284 278 278 250 254 258 258 288 306 325 325 386 405 419 444 444 456 462 469 469 470 464 424 424 399 374 329
227 227 225 222 209 209 208 206 203 203 203 204 209 209 211 212 214 214 210 210 209 209 210 210 209 209 212 213 214 214 216 217 218 218 221 222 222 222 222 221 220 220 219 218 217 217 215 216 218 218 214 211 210 210 208 209 211 211 213 212 216 216 231 241 269 269 289 284 278 278 250 254 258 258 288 306 325 325 386 405 419 444 444 456 462 469 469 470 464 424 424 399 374 329
222 222 222 221 217 217 212 207 205 205 205 206 208 208 210 212 214 214 212 210 208 208 208 209 210 210 213 214 215 215 218 219 220 220 223 224 224 224 225 226 227 227 234 234 233 233 231 231 232 232 228 226 225 225 223 222 222 222 224 227 238 238 263 276 302 302 318 305 292 292 261 260 259 259 289 307 325 325 371 386 403 436 436 452 465 484 484 490 480 427 427 403 379 336
223 223 223 222 218 218 213 208 208 208 208 208 207 207 208 209 211 211 212 213 214 214 211 211 210 210 213 214 216 216 219 220 221 221 224 225 226 226 228 238 247 247 254 255 257 257 255 252 249 249 245 253 254 254 254 252 247 247 244 247 264 264 296 311 332 332 331 315 298 298 271 268 265 265 289 302 316 316 355 374 395 434 434 451 465 484 484 489 473 410 410 387 364 326
223 223 223 222 218 218 213 208 208 208 208 208 207 207 208 209 211 211 212 213 214 214 211 211 210 210 213 214 216 216 219 220 221 221 224 225 226 226 228 238 247 247 254 255 257 257 255 252 249 249 245 253 254 254 254 252 247 247 244 247 264 264 296 311 332 332 331 315 298 298 271 268 265 265 289 302 316 316 355 374 395 434 434 451 465 484 484 489 473 410 410 387 364 326
230 230 229 228 216 216 213 209 208 208 208 209 207 207 207 208 210 210 213 213 213 213 213 212 210 210 216 219 220 220 223 224 226 226 228 228 229 229 233 244 253 253 270 277 284 284 280 277 274 274 275 283 287 287 290 288 278 278 268 267 285 285 322 341 355 355 334 317 300 300 277 276 274 274 291 302 313 313 359 378 395 429 429 446 455 463 463 461 443 381 381 360 338 304
230 230 229 228 216 216 213 209 208 208 208 209 207 207 207 208 210 210 213 213 213 213 213 212 210 210 216 219 220 220 223 224 226 226 228 228 229 229 233 244 253 253 270 277 284 284 280 277 274 274 275 283 287 287 290 288 278 278 268 267 285 285 322 341 355 355 334 317 300 300 277 276 274 274 291 302 313 313 359 378 395 429 429 446 455 463 463 461 443 381 381 360 338 304
240 240 240 239 223 223 218 212 212 212 212 211 210 210 211 215 220 220 232 233 235 235 229 226 223 223 224 227 229 229 234 237 246 246 262 269 264 264 249 240 239 239 255 265 275 275 292 297 303 303 322 341 350 350 360 361 352 352 337 331 339 339 362 378 382 382 344 325 305 305 295 300 306 306 323 338 354 354 398 410 416 424 424 427 423 405 405 391 371 315 315 312 309 314
240 240 240 239 223 223 218 212 212 212 212 211 210 210 211 215 220 220 232 233 235 235 229 226 223 223 224 227 229 229 234 237 246 246 262 269 264 264 249 240 239 239 255 265 275 275 292 297 303 303 322 341 350 350 360 361 352 352 337 331 339 339 362 378 382 382 344 325 305 305 295 300 306 306 323 338 354 354 398 410 416 424 424 427 423 405 405 391 371 315 315 312 309 314
